00000000000000000000011111100000
00000000000000000000011111100001
00000000000000000000011111100011
00000000000000000000011111100100
00000000000000000000011111100101
00000000000000000000011111100110
00000000000000000000011111100111
00000000000000000000011111101000
00000000000000000000011111100000
00000000000000000000011111100001
00000000000000000000011111100011
00000000000000000000011111100100
00000000000000000000011111100101
00000000000000000000011111100110
00000000000000000000011111100111
00000000000000000000011111101000
00000000000000000000011111100000
00000000000000000000011111100001
00000000000000000000011111100011
00000000000000000000011111100100
00000000000000000000011111100101
00000000000000000000011111100110
00000000000000000000011111100111
00000000000000000000011111101000
00000000000000000000011111100000
00000000000000000000011111100001
00000000000000000000011111100011
00000000000000000000011111100100
00000000000000000000011111100101
00000000000000000000011111100110
00000000000000000000011111100111
00000000000000000000011111101000
00000000000000000000011111100000
00000000000000000000011111100001
00000000000000000000011111100011
00000000000000000000011111100100
00000000000000000000011111100101
00000000000000000000011111100110
00000000000000000000011111100111
00000000000000000000011111101000
00000000000000000000011111100000
00000000000000000000011111100001
00000000000000000000011111100011
00000000000000000000011111100100
00000000000000000000011111100101
00000000000000000000011111100110
00000000000000000000011111100111
00000000000000000000011111101000
00000000000000000000011111100000
00000000000000000000011111100001
00000000000000000000011111100011
00000000000000000000011111100100
00000000000000000000011111100101
00000000000000000000011111100110
00000000000000000000011111100111
00000000000000000000011111101000
00000000000000000000011111100000
00000000000000000000011111100001
00000000000000000000011111100011
00000000000000000000011111100100
00000000000000000000011111100101
00000000000000000000011111100110
00000000000000000000011111100111
00000000000000000000011111101000
00000000000000000000011111100000
00000000000000000000011111100001
00000000000000000000011111100011
00000000000000000000011111100100
00000000000000000000011111100101
00000000000000000000011111100110
00000000000000000000011111100111
00000000000000000000011111101000
00000000000000000000011111100000
00000000000000000000011111100001
00000000000000000000011111100011
00000000000000000000011111100100
00000000000000000000011111100101
00000000000000000000011111100110
00000000000000000000011111100111
00000000000000000000011111101000
00000000000000000000011111100000
00000000000000000000011111100001
00000000000000000000011111100011
00000000000000000000011111100100
00000000000000000000011111100101
00000000000000000000011111100110
00000000000000000000011111100111
00000000000000000000011111101000
00000000000000000000011111100000
00000000000000000000011111100001
00000000000000000000011111100011
00000000000000000000011111100100
00000000000000000000011111100101
00000000000000000000011111100110
00000000000000000000011111100111
00000000000000000000011111101000
00000000000000000000011111100000
00000000000000000000011111100001
00000000000000000000011111100011
00000000000000000000011111100100
00000000000000000000011111100101
00000000000000000000011111100110
00000000000000000000011111100111
00000000000000000000011111101000
00000000000000000000011111100000
00000000000000000000011111100001
00000000000000000000011111100011
00000000000000000000011111100100
00000000000000000000011111100101
00000000000000000000011111100110
00000000000000000000011111100111
00000000000000000000011111101000
00000000000000000000011111100000
00000000000000000000011111100001
00000000000000000000011111100011
00000000000000000000011111100100
00000000000000000000011111100101
00000000000000000000011111100110
00000000000000000000011111100111
00000000000000000000011111101000
00000000000000000000011111100000
00000000000000000000011111100001
00000000000000000000011111100011
00000000000000000000011111100100
00000000000000000000011111100101
00000000000000000000011111100110
00000000000000000000011111100111
00000000000000000000011111101000
